3.44 1.28
3.37 1.35
3.3 1.41
3.23 1.48
3.15 1.54
3.07 1.6
2.99 1.66
2.91 1.72
2.82 1.77
2.73 1.83
2.63 1.88
2.54 1.93
2.44 1.98
2.34 2.03
2.23 2.07
2.13 2.12
2.02 2.16
1.91 2.2
1.8 2.23
1.68 2.27
1.57 2.3
1.45 2.33
1.33 2.36
1.21 2.38
1.09 2.41
0.97 2.43
0.85 2.44
0.72 2.46
0.6 2.47
0.47 2.48
0.35 2.49
0.22 2.5
0.09 2.5
-0.03 2.5
-0.16 2.5
-0.28 2.49
-0.41 2.49
-0.54 2.48
-0.66 2.47
-0.78 2.45
-0.91 2.43
-1.03 2.42
-1.15 2.39
-1.27 2.37
-1.39 2.34
-1.51 2.32
-1.63 2.28
-1.74 2.25
-1.85 2.22
-1.96 2.18
-2.07 2.14
-2.18 2.1
-2.28 2.05
-2.39 2.01
-2.49 1.96
-2.58 1.91
-2.68 1.86
-2.77 1.8
-2.86 1.75
-2.95 1.69
-3.03 1.63
-3.11 1.57
-3.19 1.51
-3.27 1.44
-3.34 1.38
-3.4 1.31
-3.47 1.24
-3.53 1.18
-3.59 1.1
-3.64 1.03
-3.69 0.96
-3.74 0.89
-3.78 0.81
-3.82 0.74
-3.86 0.66
-3.89 0.59
-3.92 0.51
-3.94 0.43
-3.96 0.35
-3.98 0.28
-3.99 0.2
-4.0 0.12
-4.0 0.04
-4.0 -0.04
-4.0 -0.12
-3.99 -0.2
-3.98 -0.28
-3.96 -0.35
-3.94 -0.43
-3.92 -0.51
-3.89 -0.59
-3.86 -0.66
-3.82 -0.74
-3.78 -0.81
-3.74 -0.89
-3.69 -0.96
-3.64 -1.03
-3.59 -1.1
-3.53 -1.18
-3.47 -1.24
-3.4 -1.31
-3.34 -1.38
-3.27 -1.44
-3.19 -1.51
-3.11 -1.57
-3.03 -1.63
-2.95 -1.69
-2.86 -1.75
-2.77 -1.8
-2.68 -1.86
-2.58 -1.91
-2.49 -1.96
-2.39 -2.01
-2.28 -2.05
-2.18 -2.1
-2.07 -2.14
-1.96 -2.18
-1.85 -2.22
-1.74 -2.25
-1.63 -2.28
-1.51 -2.32
-1.39 -2.34
-1.27 -2.37
-1.15 -2.39
-1.03 -2.42
-0.91 -2.43
-0.78 -2.45
-0.66 -2.47
-0.54 -2.48
-0.41 -2.49
-0.28 -2.49
-0.16 -2.5
-0.03 -2.5
0.09 -2.5
0.22 -2.5
0.35 -2.49
0.47 -2.48
0.6 -2.47
0.72 -2.46
0.85 -2.44
0.97 -2.43
1.09 -2.41
1.21 -2.38
1.33 -2.36
1.45 -2.33
1.57 -2.3
1.68 -2.27
1.8 -2.23
1.91 -2.2
2.02 -2.16
2.13 -2.12
2.23 -2.07
2.34 -2.03
2.44 -1.98
2.54 -1.93
2.63 -1.88
2.73 -1.83
2.82 -1.77
2.91 -1.72
2.99 -1.66
3.07 -1.6
3.15 -1.54
3.23 -1.48
3.3 -1.41
3.37 -1.35
3.44 -1.28
6.5 0.0
6.5 0.06
6.49 0.13
6.48 0.19
6.47 0.25
6.46 0.31
6.44 0.38
6.41 0.44
6.39 0.5
6.36 0.56
6.32 0.61
6.29 0.67
6.25 0.73
6.21 0.78
6.16 0.83
6.11 0.89
6.06 0.94
6.01 0.99
5.95 1.03
5.89 1.08
5.83 1.12
5.77 1.16
5.7 1.2
5.63 1.24
5.56 1.27
5.49 1.3
5.41 1.33
5.34 1.36
5.26 1.39
5.18 1.41
5.1 1.43
5.02 1.45
4.94 1.46
4.86 1.48
4.77 1.49
4.69 1.49
4.61 1.5
4.52 1.5
4.44 1.5
4.35 1.5
4.27 1.49
4.19 1.48
4.1 1.47
4.02 1.46
3.94 1.44
3.86 1.42
3.78 1.4
3.7 1.37
3.62 1.35
3.55 1.32
3.48 1.29
3.48 -1.29
3.55 -1.32
3.62 -1.35
3.7 -1.37
3.78 -1.4
3.86 -1.42
3.94 -1.44
4.02 -1.46
4.1 -1.47
4.19 -1.48
4.27 -1.49
4.35 -1.5
4.44 -1.5
4.52 -1.5
4.61 -1.5
4.69 -1.49
4.77 -1.49
4.86 -1.48
4.94 -1.46
5.02 -1.45
5.1 -1.43
5.18 -1.41
5.26 -1.39
5.34 -1.36
5.41 -1.33
5.49 -1.3
5.56 -1.27
5.63 -1.24
5.7 -1.2
5.77 -1.16
5.83 -1.12
5.89 -1.08
5.95 -1.03
6.01 -0.99
6.06 -0.94
6.11 -0.89
6.16 -0.83
6.21 -0.78
6.25 -0.73
6.29 -0.67
6.32 -0.61
6.36 -0.56
6.39 -0.5
6.41 -0.44
6.44 -0.38
6.46 -0.31
6.47 -0.25
6.48 -0.19
6.49 -0.13
6.5 -0.06
6.5 -0.0
